
base_year <- 2016
current_year <- 2018
wb_data_start_year <- 1960